%% Proton RBE
% Aerobic data taken from MCDS

DE_protons_DSB_aerobic = [1.000E-03 2.000E-03 3.000E-03 4.000E-03 5.000E-03 6.470E-03...
         7.500E-03 1.000E-02 2.000E-02 3.000E-02 4.000E-02 5.000E-02...
         6.000E-02 7.000E-02 8.000E-02 9.000E-02 1.000E-01 2.000E-01...
         3.000E-01 5.000E-01 9.000E-01 1.000E+00 1.100E+00 1.300E+00...
         1.500E+00 2.000E+00 2.500E+00 3.000E+00 3.500E+00 4.000E+00...
         5.000E+00 6.000E+00 7.500E+00 1.000E+01 1.500E+01 2.500E+01...
         5.000E+01 7.500E+01 1.000E+02 1.500E+02 2.000E+02 2.500E+02...
         5.000E+02 1.000E+03];
     
DF_protons_DSB_aerobic = [3.375E+00 3.367E+00 3.368E+00 3.363E+00 3.359E+00 3.352E+00...
         3.348E+00 3.340E+00 3.317E+00 3.290E+00 3.264E+00 3.242E+00...
         3.216E+00 3.193E+00 3.168E+00 3.143E+00 3.122E+00 2.889E+00...
         2.687E+00 2.370E+00 1.986E+00 1.916E+00 1.860E+00 1.760E+00...
         1.685E+00 1.542E+00 1.451E+00 1.386E+00 1.336E+00 1.297E+00...
         1.244E+00 1.204E+00 1.164E+00 1.123E+00 1.083E+00 1.051E+00...
         1.026E+00 1.016E+00 1.012E+00 1.004E+00 1.004E+00 1.003E+00...
         1.001E+00 9.995E-01];
     
writematrix([DE_protons_DSB_aerobic',  DF_protons_DSB_aerobic'], 'MCDS_protonRBE_DSB_aerobic.txt','Delimiter','tab');

% Anoxic data taken from MCDS

DE_protons_DSB_anoxic = [1.000E-03 2.000E-03 3.000E-03 4.000E-03 5.000E-03 6.470E-03...
         7.500E-03 1.000E-02 2.000E-02 3.000E-02 4.000E-02 5.000E-02...
         6.000E-02 7.000E-02 8.000E-02 9.000E-02 1.000E-01 2.000E-01...
         3.000E-01 5.000E-01 9.000E-01 1.000E+00 1.100E+00 1.300E+00...
         1.500E+00 2.000E+00 2.500E+00 3.000E+00 3.500E+00 4.000E+00...
         5.000E+00 6.000E+00 7.500E+00 1.000E+01 1.500E+01 2.500E+01...
         5.000E+01 7.500E+01 1.000E+02 1.500E+02 2.000E+02 2.500E+02...
         5.000E+02 1.000E+03];
     
DF_protons_DSB_anoxic = [9.805E+00 9.770E+00 9.775E+00 9.748E+00 9.739E+00 9.707E+00...
         9.697E+00 9.663E+00 9.543E+00 9.425E+00 9.298E+00 9.179E+00...
         9.041E+00 8.910E+00 8.764E+00 8.628E+00 8.481E+00 6.980E+00...
         5.626E+00 3.864E+00 2.490E+00 2.326E+00 2.198E+00 1.997E+00...
         1.860E+00 1.638E+00 1.518E+00 1.432E+00 1.370E+00 1.330E+00...
         1.261E+00 1.218E+00 1.175E+00 1.130E+00 1.086E+00 1.047E+00...
         1.026E+00 1.013E+00 1.011E+00 1.002E+00 1.002E+00 1.002E+00...
         9.993E-01 9.977E-01];
     
writematrix([DE_protons_DSB_anoxic',  DF_protons_DSB_anoxic'], 'MCDS_protonRBE_DSB_anoxic.txt','Delimiter','tab');

%% Electron RBE
% Aerobic data taken from MCDS

DE_electrons_DSB_aerobic = [1.000E-05 2.000E-05 3.000E-05 4.000E-05 5.000E-05 6.000E-05...
            7.000E-05 8.000E-05 9.000E-05 1.000E-04 2.000E-04 3.000E-04...
            4.000E-04 5.000E-04 6.000E-04 7.000E-04 8.000E-04 9.000E-04...
            1.000E-03 2.000E-03 3.000E-03 4.000E-03 5.000E-03 6.000E-03...
            7.000E-03 8.000E-03 9.000E-03 1.000E-02 2.000E-02 3.000E-02...
            4.000E-02 5.000E-02 6.000E-02 7.000E-02 8.000E-02 9.000E-02...
            1.000E-01 2.000E-01 3.000E-01 4.000E-01 5.000E-01 1.000E+00...
            1.000E+01 1.000E+02 1.500E+02 2.000E+02 3.000E+02 4.000E+02...
            5.000E+02 6.000E+02 8.000E+02 9.000E+02 1.000E+03];
     
DF_electrons_DSB_aerobic = [3.383E+00 3.353E+00 3.321E+00 3.278E+00 3.234E+00 3.190E+00...
            3.139E+00 3.091E+00 3.046E+00 3.001E+00 2.600E+00 2.319E+00...
            2.118E+00 1.966E+00 1.851E+00 1.759E+00 1.688E+00 1.627E+00...
            1.573E+00 1.314E+00 1.215E+00 1.162E+00 1.129E+00 1.111E+00...
            1.093E+00 1.082E+00 1.070E+00 1.062E+00 1.028E+00 1.015E+00...
            1.011E+00 1.007E+00 1.006E+00 1.002E+00 1.002E+00 1.002E+00...
            9.989E-01 9.959E-01 9.952E-01 9.945E-01 9.941E-01 9.921E-01...
            9.907E-01 9.943E-01 9.943E-01 9.943E-01 9.943E-01 9.943E-01...
            9.943E-01 9.943E-01 9.943E-01 9.943E-01 9.943E-01];
     
writematrix([DE_electrons_DSB_aerobic',  DF_electrons_DSB_aerobic'], 'MCDS_electronRBE_DSB_aerobic.txt','Delimiter','tab');

% Anoxic data taken from MCDS

DE_electrons_DSB_anoxic = [1.000E-05 2.000E-05 3.000E-05 4.000E-05 5.000E-05 6.000E-05...
            7.000E-05 8.000E-05 9.000E-05 1.000E-04 2.000E-04 3.000E-04...
            4.000E-04 5.000E-04 6.000E-04 7.000E-04 8.000E-04 9.000E-04...
            1.000E-03 2.000E-03 3.000E-03 4.000E-03 5.000E-03 6.000E-03...
            7.000E-03 8.000E-03 9.000E-03 1.000E-02 2.000E-02 3.000E-02...
            4.000E-02 5.000E-02 6.000E-02 7.000E-02 8.000E-02 9.000E-02...
            1.000E-01 2.000E-01 3.000E-01 4.000E-01 5.000E-01 1.000E+00...
            1.000E+01 1.000E+02 1.500E+02 2.000E+02 3.000E+02 4.000E+02...
            5.000E+02 6.000E+02 8.000E+02 9.000E+02 1.000E+03];
     
DF_electrons_DSB_anoxic = [9.833E+00 9.718E+00 9.584E+00 9.387E+00 9.168E+00 8.923E+00...
            8.635E+00 8.353E+00 8.057E+00 7.756E+00 5.120E+00 3.654E+00...
            2.886E+00 2.453E+00 2.185E+00 1.994E+00 1.875E+00 1.770E+00...
            1.687E+00 1.342E+00 1.231E+00 1.170E+00 1.137E+00 1.117E+00...
            1.095E+00 1.085E+00 1.069E+00 1.061E+00 1.029E+00 1.016E+00...
            1.009E+00 1.005E+00 1.001E+00 1.001E+00 1.000E+00 1.002E+00...
            9.969E-01 9.941E-01 9.945E-01 9.910E-01 9.933E-01 9.913E-01...
            9.887E-01 9.940E-01 9.940E-01 9.940E-01 9.940E-01 9.940E-01...
            9.940E-01 9.940E-01 9.940E-01 9.940E-01 9.940E-01];
     
writematrix([DE_electrons_DSB_anoxic',  DF_electrons_DSB_anoxic'], 'MCDS_electronRBE_DSB_anoxic.txt','Delimiter','tab');

%% Deuteron RBE
% Aerobic data taken from MCDS

DE_deuterons_DSB_aerobic = [1.000E-03 2.000E-03 3.000E-03 4.000E-03 5.000E-03 6.470E-03...
         7.500E-03 1.000E-02 2.000E-02 3.000E-02 4.000E-02 5.000E-02...
         6.000E-02 7.000E-02 8.000E-02 9.000E-02 1.000E-01 2.000E-01...
         3.000E-01 5.000E-01 9.000E-01 1.000E+00 1.100E+00 1.300E+00...
         1.500E+00 2.000E+00 2.500E+00 3.000E+00 3.500E+00 4.000E+00...
         5.000E+00 6.000E+00 7.500E+00 1.000E+01 1.500E+01 2.500E+01...
         5.000E+01 7.500E+01 1.000E+02 1.500E+02 2.000E+02 2.500E+02...
         5.000E+02 1.000E+03];
     
DF_deuterons_DSB_aerobic = [3.361E+00 3.360E+00 3.355E+00 3.352E+00 3.354E+00 3.346E+00...
         3.348E+00 3.344E+00 3.325E+00 3.316E+00 3.304E+00 3.286E+00...
         3.277E+00 3.262E+00 3.252E+00 3.241E+00 3.225E+00 3.106E+00...
         2.988E+00 2.771E+00 2.428E+00 2.359E+00 2.296E+00 2.189E+00...
         2.094E+00 1.908E+00 1.774E+00 1.678E+00 1.597E+00 1.534E+00...
         1.446E+00 1.375E+00 1.311E+00 1.235E+00 1.159E+00 1.097E+00...
         1.044E+00 1.028E+00 1.020E+00 1.009E+00 1.006E+00 1.003E+00...
         9.985E-01 9.967E-01];
     
writematrix([DE_deuterons_DSB_aerobic',  DF_deuterons_DSB_aerobic'], 'MCDS_deuteronRBE_DSB_aerobic.txt','Delimiter','tab');

% Anoxic data taken from MCDS

DE_deuterons_DSB_anoxic = [1.000E-03 2.000E-03 3.000E-03 4.000E-03 5.000E-03 6.470E-03...
         7.500E-03 1.000E-02 2.000E-02 3.000E-02 4.000E-02 5.000E-02...
         6.000E-02 7.000E-02 8.000E-02 9.000E-02 1.000E-01 2.000E-01...
         3.000E-01 5.000E-01 9.000E-01 1.000E+00 1.100E+00 1.300E+00...
         1.500E+00 2.000E+00 2.500E+00 3.000E+00 3.500E+00 4.000E+00...
         5.000E+00 6.000E+00 7.500E+00 1.000E+01 1.500E+01 2.500E+01...
         5.000E+01 7.500E+01 1.000E+02 1.500E+02 2.000E+02 2.500E+02...
         5.000E+02 1.000E+03];
     
