%% Proton IntraTrack
% Aerobic data taken from MCDS

DE_protons_intraT_aerobic = [1.000E-03 2.000E-03 3.000E-03 4.000E-03 5.000E-03 6.470E-03...
         7.500E-03 1.000E-02 2.000E-02 3.000E-02 4.000E-02 5.000E-02...
         6.000E-02 7.000E-02 8.000E-02 9.000E-02 1.000E-01 2.000E-01...
         3.000E-01 5.000E-01 9.000E-01 1.000E+00 1.100E+00 1.300E+00...
         1.500E+00 2.000E+00 2.500E+00 3.000E+00 3.500E+00 4.000E+00...
         5.000E+00 6.000E+00 7.500E+00 1.000E+01 1.500E+01 2.500E+01...
         5.000E+01 7.500E+01 1.000E+02 1.500E+02 2.000E+02 2.500E+02...
         5.000E+02 1.000E+03];
     
DF_protons_intraT_aerobic = [2.763E-02 5.499E-02 8.253E-02 1.097E-01 1.368E-01 1.762E-01...
         2.037E-01 2.703E-01 5.322E-01 7.841E-01 1.028E+00 1.264E+00...
         1.489E+00 1.708E+00 1.914E+00 2.112E+00 2.305E+00 3.632E+00...
         3.789E+00 2.156E+00 9.674E-01 8.307E-01 7.276E-01 5.731E-01...
         4.697E-01 3.144E-01 2.336E-01 1.845E-01 1.517E-01 1.285E-01...
         9.884E-02 7.986E-02 6.226E-02 4.581E-02 3.059E-02 1.899E-02...
         1.041E-02 7.456E-03 5.977E-03 4.434E-03 3.683E-03 3.211E-03...
         2.275E-03 1.823E-03];
     
writematrix([DE_protons_intraT_aerobic',  DF_protons_intraT_aerobic'], 'MCDS_protonIntraTrack_intraT_aerobic.txt','Delimiter','tab');

% Anoxic data taken from MCDS

DE_protons_intraT_anoxic = [1.000E-03 2.000E-03 3.000E-03 4.000E-03 5.000E-03 6.470E-03...
         7.500E-03 1.000E-02 2.000E-02 3.000E-02 4.000E-02 5.000E-02...
         6.000E-02 7.000E-02 8.000E-02 9.000E-02 1.000E-01 2.000E-01...
         3.000E-01 5.000E-01 9.000E-01 1.000E+00 1.100E+00 1.300E+00...
         1.500E+00 2.000E+00 2.500E+00 3.000E+00 3.500E+00 4.000E+00...
         5.000E+00 6.000E+00 7.500E+00 1.000E+01 1.500E+01 2.500E+01...
         5.000E+01 7.500E+01 1.000E+02 1.500E+02 2.000E+02 2.500E+02...
         5.000E+02 1.000E+03];
     
DF_protons_intraT_anoxic = [2.327E-01 4.620E-01 6.936E-01 9.196E-01 1.147E+00 1.475E+00...
         1.705E+00 2.258E+00 4.397E+00 6.423E+00 8.319E+00 1.011E+01...
         1.174E+01 1.327E+01 1.462E+01 1.588E+01 1.698E+01 2.115E+01...
         1.657E+01 5.719E+00 1.518E+00 1.221E+00 1.014E+00 7.361E-01...
         5.716E-01 3.541E-01 2.554E-01 1.967E-01 1.592E-01 1.348E-01...
         1.014E-01 8.161E-02 6.333E-02 4.635E-02 3.069E-02 1.884E-02...
         1.039E-02 7.400E-03 5.952E-03 4.402E-03 3.665E-03 3.198E-03...
         2.261E-03 1.813E-03];
     
writematrix([DE_protons_intraT_anoxic',  DF_protons_intraT_anoxic'], 'MCDS_protonIntraTrack_intraT_anoxic.txt','Delimiter','tab');

%% Electron IntraTrack
% Aerobic data taken from MCDS

DE_electrons_intraT_aerobic = [1.000E-05 2.000E-05 3.000E-05 4.000E-05 5.000E-05 6.000E-05...
         7.000E-05 8.000E-05 9.000E-05 1.000E-04 2.000E-04 3.000E-04...
         4.000E-04 5.000E-04 6.000E-04 7.000E-04 8.000E-04 9.000E-04...
         1.000E-03 2.000E-03 3.000E-03 4.000E-03 5.000E-03 6.000E-03...
         7.000E-03 8.000E-03 9.000E-03 1.000E-02 2.000E-02 3.000E-02...
         4.000E-02 5.000E-02 6.000E-02 7.000E-02 8.000E-02 9.000E-02...
         1.000E-01 2.000E-01 3.000E-01 4.000E-01 5.000E-01 1.000E+00...
         1.000E+01 1.000E+02 1.000E+03];
     
DF_electrons_intraT_aerobic = [0.0003 0.0006 0.0008 0.0011  0.0013  0.0015...
         0.0017 0.0019 0.0020 0.0022 0.0033 0.0040... 
         0.0044 0.0047 0.0050 0.0053 0.0056 0.0058... 
         0.0061 0.0084 0.0108 0.0132 0.0154 0.0177... 
         0.0197 0.0216 0.0230 0.0241 0.0131 0.0087... 
         0.0068 0.0056 0.0049 0.0044 0.0040 0.0037... 
         0.0034 0.0023 0.0019 0.0017 0.0016 0.0015... 
         0.0016 0.0018 0.0019];
     
writematrix([DE_electrons_intraT_aerobic',  DF_electrons_intraT_aerobic'], 'MCDS_electronIntraTrack_intraT_aerobic.txt','Delimiter','tab');

% Anoxic data taken from MCDS

DE_electrons_intraT_anoxic = [1.000E-05 2.000E-05 3.000E-05 4.000E-05 5.000E-05 6.000E-05...
         7.000E-05 8.000E-05 9.000E-05 1.000E-04 2.000E-04 3.000E-04...
         4.000E-04 5.000E-04 6.000E-04 7.000E-04 8.000E-04 9.000E-04...
         1.000E-03 2.000E-03 3.000E-03 4.000E-03 5.000E-03 6.000E-03...
         7.000E-03 8.000E-03 9.000E-03 1.000E-02 2.000E-02 3.000E-02...
         4.000E-02 5.000E-02 6.000E-02 7.000E-02 8.000E-02 9.000E-02...
         1.000E-01 2.000E-01 3.000E-01 4.000E-01 5.000E-01 1.000E+00...
         1.000E+01 1.000E+02 1.000E+03];
     
DF_electrons_intraT_anoxic = [0.0024 0.0046 0.0068 0.0086 0.0103 0.0117... 
         0.0128 0.0137 0.0143 0.0147 0.0128 0.0098... 
         0.0082 0.0074 0.0070 0.0068 0.0069 0.0069... 
         0.0070 0.0088 0.0111 0.0133 0.0157 0.0179... 
         0.0198 0.0217 0.0230 0.0241 0.0131 0.0087... 
         0.0068 0.0056 0.0049 0.0043 0.0040 0.0037... 
         0.0034 0.0023 0.0019 0.0017 0.0016 0.0015... 
         0.0016 0.0018 0.0019];
     
writematrix([DE_electrons_intraT_anoxic',  DF_electrons_intraT_anoxic'], 'MCDS_electronIntraTrack_intraT_anoxic.txt','Delimiter','tab');

%% Deuteron IntraTrack
% Aerobic data taken from MCDS

DE_deuterons_intraT_aerobic = [1.000E-03 2.000E-03 3.000E-03 4.000E-03 5.000E-03 6.470E-03...
         7.500E-03 1.000E-02 2.000E-02 3.000E-02 4.000E-02 5.000E-02...
         6.000E-02 7.000E-02 8.000E-02 9.000E-02 1.000E-01 2.000E-01...
         3.000E-01 5.000E-01 9.000E-01 1.000E+00 1.100E+00 1.300E+00...
         1.500E+00 2.000E+00 2.500E+00 3.000E+00 3.500E+00 4.000E+00...
         5.000E+00 6.000E+00 7.500E+00 1.000E+01 1.500E+01 2.500E+01...
         5.000E+01 7.500E+01 1.000E+02 1.500E+02 2.000E+02 2.500E+02...
         5.000E+02 1.000E+03];
     
DF_deuterons_intraT_aerobic = [0.0276 0.0553 0.0826 0.1099 0.1376 0.1771...
         0.2055 0.2731 0.5384 0.8010 1.0573 1.3033...
         1.5496 1.7855 2.0199 2.2479 2.4608 4.2515...
         5.1176 4.1924 2.2962 2.0234 1.7987 1.4586...
         1.2071 0.8147 0.5970 0.4654 0.3749 0.3120...
         0.2331 0.1827 0.1391 0.0981 0.0622 0.0368...
         0.0189 0.0132 0.0104 0.0074 0.0060 0.0051...
         0.0032 0.0023];
     
writematrix([DE_deuterons_intraT_aerobic',  DF_deuterons_intraT_aerobic'], 'MCDS_deuteronIntraTrack_intraT_aerobic.txt','Delimiter','tab');

% Anoxic data taken from MCDS

DE_deuterons_intraT_anoxic = [1.000E-03 2.000E-03 3.000E-03 4.000E-03 5.000E-03 6.470E-03...
         7.500E-03 1.000E-02 2.000E-02 3.000E-02 4.000E-02 5.000E-02...
         6.000E-02 7.000E-02 8.000E-02 9.000E-02 1.000E-01 2.000E-01...
         3.000E-01 5.000E-01 9.000E-01 1.000E+00 1.100E+00 1.300E+00...
         1.500E+00 2.000E+00 2.500E+00 3.000E+00 3.500E+00 4.000E+00...
         5.000E+00 6.000E+00 7.500E+00 1.000E+01 1.500E+01 2.500E+01...
         5.000E+01 7.500E+01 1.000E+02 1.500E+02 2.000E+02 2.500E+02...
         5.000E+02 1.000E+03];
     
DF_deuterons_intraT_anoxic = [0.2328 0.4652 0.6945 0.9236 1.1564 1.4851...
         1.7236 2.2906 4.4975 6.6469 8.7370 10.7219...
         12.6907 14.5224 16.3460 18.0697 19.7050 31.2886...
         33.8880 21.1986 6.7827 5.3448 4.3121 2.9670...
         2.1661 1.1922 0.7748 0.5670 0.4389 0.3536...
         0.2536 0.1946 0.1449 0.1003 0.0631 0.0371...
         0.0190 0.0132 0.0103 0.0074 0.0059 0.0050...
         0.0032 0.0023];
     
writematrix([DE_deuterons_intraT_anoxic',  DF_deuterons_intraT_anoxic'], 'MCDS_deuteronIntraTrack_intraT_anoxic.txt','Delimiter','tab');


%% Triton IntraTrack
% Aerobic data taken from MCDS

DE_tritons_intraT_aerobic = [1.000E-03 2.000E-03 3.000E-03 4.000E-03 5.000E-03 6.470E-03...
         7.500E-03 1.000E-02 2.000E-02 3.000E-02 4.000E-02 5.000E-02...
         6.000E-02 7.000E-02 8.000E-02 9.000E-02 1.000E-01 2.000E-01...
         3.000E-01 5.000E-01 9.000E-01 1.000E+00 1.100E+00 1.300E+00...
         1.500E+00 2.000E+00 2.500E+00 3.000E+00 3.500E+00 4.000E+00...
         5.000E+00 6.000E+00 7.500E+00 1.000E+01 1.500E+01 2.500E+01...
         5.000E+01 7.500E+01 1.000E+02 1.500E+02 2.000E+02 2.500E+02...
         5.000E+02 1.000E+03];
     
